Full Cell Ranking by Ghost Hiding Probability
======================================================================
 Rank       Pos     Score  Exits  DeadEnd?   Corner?   Pocket?  Upper?
----------------------------------------------------------------------
    1  (10, 9)      20.0      1       YES                 YES        
    2  (10,11)      20.0      1       YES                 YES        
    3  (10, 1)      11.1      1       YES                 YES        
    4  (10,19)      11.1      1       YES                 YES        
    5  ( 6, 9)      10.8      2                 YES               YES
    6  ( 6,11)      10.8      2                 YES               YES
    7  ( 8, 7)      10.8      2                 YES               YES
    8  ( 8,13)      10.8      2                 YES               YES
    9  ( 6, 7)      10.3      2                 YES               YES
   10  ( 6,13)      10.3      2                 YES               YES
   11  ( 1, 9)       9.9      2                 YES               YES
   12  ( 1,11)       9.9      2                 YES               YES
   13  ( 6, 1)       9.7      2                 YES               YES
   14  ( 6,19)       9.7      2                 YES               YES
   15  ( 1, 1)       9.5      2                 YES               YES
   16  ( 1,19)       9.5      2                 YES               YES
   17  ( 9,10)       6.0      2                                   YES
   18  ( 8,10)       4.5      3                                   YES
   19  ( 8, 9)       4.0      3                                   YES
   20  ( 8,11)       4.0      3                                   YES
   21  ( 7, 9)       3.8      2                                   YES
   22  ( 7,11)       3.8      2                                   YES
   23  ( 8, 8)       3.8      2                                   YES
   24  ( 8,12)       3.8      2                                   YES
   25  ( 9, 7)       3.8      2                                   YES
   26  ( 9,13)       3.8      2                                   YES
   27  (13, 9)       3.8      2                 YES                  
   28  (13,11)       3.8      2                 YES                  
   29  ( 4,10)       3.5      2                                   YES
   30  ( 6, 8)       3.5      2                                   YES
   31  ( 6,12)       3.5      2                                   YES
   32  ( 9, 5)       3.5      2                                   YES
   33  ( 9,15)       3.5      2                                   YES
   34  ( 4, 9)       3.4      3                                   YES
   35  ( 4,11)       3.4      3                                   YES
   36  ( 8, 5)       3.4      2                                   YES
   37  ( 8,15)       3.4      2                                   YES
   38  ( 3, 9)       3.4      2                                   YES
   39  ( 3,11)       3.4      2                                   YES
   40  ( 4, 8)       3.4      2                                   YES
   41  ( 4,12)       3.4      2                                   YES
   42  ( 5, 7)       3.4      2                                   YES
   43  ( 5,13)       3.4      2                                   YES
   44  ( 7, 5)       3.4      2                                   YES
   45  ( 7,15)       3.4      2                                   YES
   46  (17, 9)       3.4      2                 YES                  
   47  (17,11)       3.4      2                 YES                  
   48  ( 2, 9)       3.3      2                                   YES
   49  ( 2,11)       3.3      2                                   YES
   50  ( 4, 7)       3.3      3                                   YES
   51  ( 4,13)       3.3      3                                   YES
   52  ( 6, 5)       3.3      3                                   YES
   53  ( 6,15)       3.3      3                                   YES
   54  ( 4, 6)       3.3      2                                   YES
   55  ( 4,14)       3.3      2                                   YES
   56  ( 5, 5)       3.3      2                                   YES
   57  ( 5,15)       3.3      2                                   YES
   58  ( 6, 4)       3.3      2                                   YES
   59  ( 6,16)       3.3      2                                   YES
   60  (17,13)       3.3      2                 YES                  
   61  ( 1, 8)       3.3      2                                   YES
   62  ( 1,12)       3.3      2                                   YES
   63  ( 4, 5)       3.3      4                                   YES
   64  ( 4,15)       3.3      4                                   YES
   65  ( 6, 3)       3.3      2                                   YES
   66  ( 6,17)       3.3      2                                   YES
   67  ( 1, 7)       3.2      2                                   YES
   68  ( 1,13)       3.2      2                                   YES
   69  ( 3, 5)       3.2      2                                   YES
   70  ( 3,15)       3.2      2                                   YES
   71  ( 4, 4)       3.2      2                                   YES
   72  ( 4,16)       3.2      2                                   YES
   73  ( 6, 2)       3.2      2                                   YES
   74  ( 6,18)       3.2      2                                   YES
   75  (13, 1)       3.2      2                 YES                  
   76  (13,19)       3.2      2                 YES                  
   77  (15, 3)       3.2      2                 YES                  
   78  (15,17)       3.2      2                 YES                  
   79  (17,15)       3.2      2                 YES                  
   80  ( 1, 6)       3.2      2                                   YES
   81  ( 1,14)       3.2      2                                   YES
   82  ( 2, 5)       3.2      2                                   YES
   83  ( 2,15)       3.2      2                                   YES
   84  ( 4, 3)       3.2      2                                   YES
   85  ( 4,17)       3.2      2                                   YES
   86  ( 1, 5)       3.2      3                                   YES
   87  ( 1,15)       3.2      3                                   YES
   88  ( 4, 2)       3.2      2                                   YES
   89  ( 4,18)       3.2      2                                   YES
   90  ( 5, 1)       3.2      2                                   YES
   91  ( 5,19)       3.2      2                                   YES
   92  (15, 1)       3.2      2                 YES                  
   93  (15,19)       3.2      2                 YES                  
   94  ( 1, 4)       3.2      2                                   YES
   95  ( 1,16)       3.2      2                                   YES
   96  ( 4, 1)       3.2      3                                   YES
   97  ( 4,19)       3.2      3                                   YES
   98  ( 1, 3)       3.2      2                                   YES
   99  ( 1,17)       3.2      2                                   YES
  100  ( 3, 1)       3.2      2                                   YES
  101  ( 3,19)       3.2      2                                   YES
  102  (17, 1)       3.2      2                 YES                  
  103  (17,19)       3.2      2                 YES                  
  104  ( 1, 2)       3.2      2                                   YES
  105  ( 1,18)       3.2      2                                   YES
  106  ( 2, 1)       3.2      2                                   YES
  107  ( 2,19)       3.2      2                                   YES
  108  (19, 1)       3.2      2                 YES                  
  109  (19,19)       3.2      2                 YES                  
  110  (10, 4)       2.3      2                           YES        
  111  (10,16)       2.3      2                           YES        
  112  (10, 3)       2.3      2                           YES        
  113  (10,17)       2.3      2                           YES        
  114  (10, 2)       2.2      2                           YES        
  115  (10,18)       2.2      2                           YES        
  116  (10,10)       2.0      3                                      
  117  (10, 7)       1.3      3                                      
  118  (10,13)       1.3      3                                      
  119  (10, 6)       1.2      2                                      
  120  (10,14)       1.2      2                                      
  121  (11, 7)       1.2      2                                      
  122  (11,13)       1.2      2                                      
  123  (10, 5)       1.2      4                                      
  124  (10,15)       1.2      4                                      
  125  (12, 7)       1.2      2                                      
  126  (12,13)       1.2      2                                      
  127  (13, 8)       1.2      2                                      
  128  (13,12)       1.2      2                                      
  129  (14, 9)       1.2      2                                      
  130  (14,11)       1.2      2                                      
  131  (15,10)       1.2      2                                      
  132  (11, 5)       1.2      2                                      
  133  (11,15)       1.2      2                                      
  134  (13, 7)       1.2      3                                      
  135  (13,13)       1.2      3                                      
  136  (15, 9)       1.2      3                                      
  137  (15,11)       1.2      3                                      
  138  (12, 5)       1.1      2                                      
  139  (12,15)       1.1      2                                      
  140  (13, 6)       1.1      2                                      
  141  (13,14)       1.1      2                                      
  142  (15, 8)       1.1      2                                      
  143  (15,12)       1.1      2                                      
  144  (13, 5)       1.1      4                                      
  145  (13,15)       1.1      4                                      
  146  (15, 7)       1.1      3                                      
  147  (15,13)       1.1      3                                      
  148  (13, 4)       1.1      2                                      
  149  (13,16)       1.1      2                                      
  150  (14, 5)       1.1      2                                      
  151  (14,15)       1.1      2                                      
  152  (15, 6)       1.1      2                                      
  153  (15,14)       1.1      2                                      
  154  (16, 7)       1.1      2                                      
  155  (16,13)       1.1      2                                      
  156  (17, 8)       1.1      2                                      
  157  (17,12)       1.1      2                                      
  158  (18, 9)       1.1      2                                      
  159  (18,11)       1.1      2                                      
  160  (19,10)       1.1      2                                      
  161  (13, 3)       1.1      2                                      
  162  (13,17)       1.1      2                                      
  163  (15, 5)       1.1      3                                      
  164  (15,15)       1.1      3                                      
  165  (17, 7)       1.1      3                                      
  166  (19, 9)       1.1      3                                      
  167  (19,11)       1.1      3                                      
  168  (13, 2)       1.1      2                                      
  169  (13,18)       1.1      2                                      
  170  (16, 5)       1.1      2                                      
  171  (16,15)       1.1      2                                      
  172  (17, 6)       1.1      2                                      
  173  (19, 8)       1.1      2                                      
  174  (19,12)       1.1      2                                      
  175  (17, 5)       1.1      3                                      
  176  (19, 7)       1.1      2                                      
  177  (19,13)       1.1      2                                      
  178  (14, 1)       1.1      2                                      
  179  (14,19)       1.1      2                                      
  180  (15, 2)       1.1      2                                      
  181  (15,18)       1.1      2                                      
  182  (16, 3)       1.1      2                                      
  183  (16,17)       1.1      2                                      
  184  (17, 4)       1.1      2                                      
  185  (17,16)       1.1      2                                      
  186  (19, 6)       1.1      2                                      
  187  (19,14)       1.1      2                                      
  188  (17, 3)       1.1      3                                      
  189  (17,17)       1.1      3                                      
  190  (19, 5)       1.1      2                                      
  191  (19,15)       1.1      2                                      
  192  (17, 2)       1.1      2                                      
  193  (17,18)       1.1      2                                      
  194  (19, 4)       1.1      2                                      
  195  (19,16)       1.1      2                                      
  196  (19, 3)       1.1      2                                      
  197  (19,17)       1.1      2                                      
  198  (18, 1)       1.1      2                                      
  199  (18,19)       1.1      2                                      
  200  (19, 2)       1.1      2                                      
  201  (19,18)       1.1      2                                      

Total cells ranked: 201
Dead ends: 4
Corners: 28
Pocket regions: 4
Upper half boundary (mid_row): 10
